0.100000 462.053670
0.138776 338.446466
0.177551 270.461960
0.216327 216.776161
0.255102 186.858106
0.293878 179.538762
0.332653 154.283760
0.371429 141.566203
0.410204 128.702265
0.448980 132.557556
0.487755 118.952030
0.526531 137.080282
0.565306 135.846411
0.604082 146.702410
0.642857 152.228856
0.681633 155.969622
0.720408 170.738654
0.759184 169.518983
0.797959 166.055418
0.836735 153.644696
0.875510 140.283101
0.914286 137.532883
0.953061 108.963534
0.991837 109.692842
1.030612 95.163614
1.069388 73.905789
1.108163 71.130808
1.146939 68.933657
1.185714 62.108925
1.224490 46.621711
1.263265 47.016075
1.302041 38.395229
1.340816 24.922575
1.379592 9.279054
1.418367 16.546844
1.457143 -3.839148
1.495918 -7.627452
1.534694 -20.101656
1.573469 -24.130729
1.612245 -22.158225
1.651020 -22.264996
1.689796 -14.157694
1.728571 8.304082
1.767347 19.202151
1.806122 9.636437
1.844898 20.458274
1.883673 39.902607
1.922449 30.709165
1.961224 42.743195
2.000000 48.963015
