0.000000000000000000e+00 3.794282508411987997e-01
1.000000000000000000e+00 8.346310862635372141e-01
2.000000000000000000e+00 4.770520953456688362e-01
3.000000000000000000e+00 3.801420322746958957e-01
4.000000000000000000e+00 7.448343130118750821e-01
5.000000000000000000e+00 4.873633110431003779e-01
6.000000000000000000e+00 9.370954522924056507e-01
7.000000000000000000e+00 8.343202220100041089e-01
8.000000000000000000e+00 1.688671554439253875e-01
9.000000000000000000e+00 1.770426231135787676e-01
1.000000000000000000e+01 4.128970525054385110e-01
1.100000000000000000e+01 3.480013095135003898e-02
1.200000000000000000e+01 6.080213217101718692e-01
1.300000000000000000e+01 9.400579320982352938e-01
1.400000000000000000e+01 8.759347706072458939e-01
1.500000000000000000e+01 3.817809099564413167e-01
1.600000000000000000e+01 1.122539184883207808e-01
1.700000000000000000e+01 5.316801256624681393e-01
1.800000000000000000e+01 3.958356068933414074e-01
1.900000000000000000e+01 5.954506591857364750e-01
2.000000000000000000e+01 4.865459366910478423e-01
2.100000000000000000e+01 7.312045177372891169e-01
2.200000000000000000e+01 8.691337236158205304e-01
2.300000000000000000e+01 3.467046906061517220e-01
2.400000000000000000e+01 3.360119703901425225e-01
2.500000000000000000e+01 8.756717756425511645e-01
2.600000000000000000e+01 7.438080615195510337e-01
2.700000000000000000e+01 4.312803864936602949e-01
2.800000000000000000e+01 2.742081197317296493e-01
2.900000000000000000e+01 3.611499848280367297e-01
3.000000000000000000e+01 7.065696721007664882e-01
3.100000000000000000e+01 4.178777906284460997e-01
3.200000000000000000e+01 2.006278631841855731e-01
3.300000000000000000e+01 8.932407880337550621e-01
3.400000000000000000e+01 1.419056486277565643e-01
3.500000000000000000e+01 4.565383029459750830e-01
3.600000000000000000e+01 6.138196847838868209e-01
3.700000000000000000e+01 3.656182977205191253e-02
3.800000000000000000e+01 9.715614521763668021e-01
3.900000000000000000e+01 5.214173878161553199e-01
4.000000000000000000e+01 2.852350851458362868e-01
4.100000000000000000e+01 2.955429205172238616e-01
4.200000000000000000e+01 6.814164843364044488e-01
4.300000000000000000e+01 7.337892822666391979e-01
4.400000000000000000e+01 4.005251431652379068e-02
4.500000000000000000e+01 7.049720616996356659e-01
4.600000000000000000e+01 2.947796812697678348e-01
4.700000000000000000e+01 3.477215509918341052e-01
4.800000000000000000e+01 1.670717286180671834e-01
4.900000000000000000e+01 8.013213021849284745e-01
5.000000000000000000e+01 6.399926924431361686e-01
5.100000000000000000e+01 7.668213834920212246e-02
5.200000000000000000e+01 3.599218115418212349e-02
5.300000000000000000e+01 7.720359509621055327e-02
5.400000000000000000e+01 7.841282566593366088e-01
5.500000000000000000e+01 6.679576453760938115e-01
5.600000000000000000e+01 6.714794403154815683e-01
5.700000000000000000e+01 6.908730418192802203e-01
5.800000000000000000e+01 1.048919326032785593e-01
5.900000000000000000e+01 8.563074386547302463e-01
6.000000000000000000e+01 4.246043497605238581e-01
6.100000000000000000e+01 3.378325733690912269e-02
6.200000000000000000e+01 6.014178523562506706e-01
6.300000000000000000e+01 3.928146624197335068e-01
6.400000000000000000e+01 2.536584264400185695e-01
6.500000000000000000e+01 7.868841373898105562e-02
6.600000000000000000e+01 8.964087857860192354e-02
6.700000000000000000e+01 4.355020648688125995e-01
6.800000000000000000e+01 5.565399543027523821e-01
6.900000000000000000e+01 9.796099775366504669e-01
7.000000000000000000e+01 8.946465913142527260e-01
7.100000000000000000e+01 9.212797851442714459e-01
7.200000000000000000e+01 5.038197282553726897e-01
7.300000000000000000e+01 3.739020165775907012e-01
7.400000000000000000e+01 3.087522768915165194e-01
7.500000000000000000e+01 2.642950619487154373e-01
7.600000000000000000e+01 5.221347141247394408e-01
7.700000000000000000e+01 1.275558460224112123e-01
7.800000000000000000e+01 6.881192160779012745e-01
7.900000000000000000e+01 5.353948915172801470e-01
8.000000000000000000e+01 5.798815175960265744e-01
8.100000000000000000e+01 1.554404557037002421e-01
8.200000000000000000e+01 9.482359877317467767e-01
8.300000000000000000e+01 8.556589716702995840e-01
8.400000000000000000e+01 1.109478212463356206e-01
8.500000000000000000e+01 2.874266015712979572e-01
8.600000000000000000e+01 5.417336851266324471e-01
8.700000000000000000e+01 9.624824430886891324e-02
8.800000000000000000e+01 4.501756888180065141e-01
8.900000000000000000e+01 4.164085770581792412e-01
9.000000000000000000e+01 7.838364747910742114e-02
9.100000000000000000e+01 8.487001813769335934e-01
9.200000000000000000e+01 1.842812445988843972e-01
9.300000000000000000e+01 8.074716657188629743e-02
9.400000000000000000e+01 9.071581703035236366e-03
9.500000000000000000e+01 4.990828032723216845e-01
9.600000000000000000e+01 4.418005399150315426e-02
9.700000000000000000e+01 4.022059486764346659e-01
9.800000000000000000e+01 2.828281683842528427e-01
9.900000000000000000e+01 4.835635264339628314e-01
1.000000000000000000e+02 8.044630685433129536e-02
1.010000000000000000e+02 5.920684215353578805e-01
1.020000000000000000e+02 9.073276294806742470e-01
1.030000000000000000e+02 9.020767908998696960e-01
1.040000000000000000e+02 2.661733840560994713e-01
1.050000000000000000e+02 7.541153491210106363e-02
1.060000000000000000e+02 9.829311161096615512e-01
1.070000000000000000e+02 9.397401470623367725e-02
1.080000000000000000e+02 6.679719062762332626e-01
1.090000000000000000e+02 2.656189342919605956e-01
1.100000000000000000e+02 3.985669387366899130e-01
1.110000000000000000e+02 6.008989005322074028e-01
1.120000000000000000e+02 7.027019288136050479e-01
1.130000000000000000e+02 9.041885466849371999e-01
1.140000000000000000e+02 6.714782950493456415e-01
1.150000000000000000e+02 6.593348738410627075e-01
1.160000000000000000e+02 5.224037299141196522e-01
1.170000000000000000e+02 3.259714430711933009e-01
1.180000000000000000e+02 7.362303599466084592e-01
1.190000000000000000e+02 8.231697496504210010e-01
1.200000000000000000e+02 7.482747018139590534e-01
1.210000000000000000e+02 6.807573374726214599e-01
1.220000000000000000e+02 5.333598570412101392e-02
1.230000000000000000e+02 8.857661963954932549e-01
1.240000000000000000e+02 6.712891576067921973e-01
1.250000000000000000e+02 9.066638233573094396e-01
1.260000000000000000e+02 5.977925650007372971e-01
1.270000000000000000e+02 2.913390072207332482e-01
1.280000000000000000e+02 1.078787810831267624e-01
1.290000000000000000e+02 9.639717986964524421e-01
1.300000000000000000e+02 5.116090009051174059e-01
1.310000000000000000e+02 2.463655183788560077e-01
1.320000000000000000e+02 5.119083756126747708e-01
1.330000000000000000e+02 8.230377103759989321e-01
1.340000000000000000e+02 2.162086270382898023e-01
1.350000000000000000e+02 1.675283752938759863e-01
1.360000000000000000e+02 5.563486525732763699e-01
1.370000000000000000e+02 3.987308276505048266e-01
1.380000000000000000e+02 2.433445365432777008e-01
1.390000000000000000e+02 1.130652575069094334e-01
1.400000000000000000e+02 7.456409853065021354e-01
1.410000000000000000e+02 4.461651465582846532e-01
1.420000000000000000e+02 4.229023818115742461e-01
1.430000000000000000e+02 5.372517349234309236e-01
1.440000000000000000e+02 5.228838454921924672e-01
1.450000000000000000e+02 8.503301389470989680e-01
1.460000000000000000e+02 2.464095646787833882e-01
1.470000000000000000e+02 3.531409793621772542e-01
1.480000000000000000e+02 9.828820838313058195e-01
1.490000000000000000e+02 5.950186826816873387e-01
1.500000000000000000e+02 4.260375057286250877e-01
1.510000000000000000e+02 8.676812456021714137e-01
1.520000000000000000e+02 5.738609137951344863e-01
1.530000000000000000e+02 7.154943568926975805e-01
1.540000000000000000e+02 3.245808744986964367e-01
1.550000000000000000e+02 9.885805375737314327e-01
1.560000000000000000e+02 9.123881073987109014e-01
1.570000000000000000e+02 4.595000343224259209e-01
1.580000000000000000e+02 2.918486842482930221e-01
1.590000000000000000e+02 3.108768596418709507e-02
1.600000000000000000e+02 5.577574916097590707e-01
1.610000000000000000e+02 8.505994134409119445e-01
1.620000000000000000e+02 9.898938317008092458e-01
1.630000000000000000e+02 2.741772968042066605e-01
1.640000000000000000e+02 2.526684440226062422e-01
1.650000000000000000e+02 8.954771414326767598e-04
1.660000000000000000e+02 7.317346151678254529e-01
1.670000000000000000e+02 1.185439726264325699e-02
1.680000000000000000e+02 3.032133635669352900e-01
1.690000000000000000e+02 6.427291417548498531e-01
1.700000000000000000e+02 2.117335601714895876e-01
1.710000000000000000e+02 2.778751066523583724e-01
1.720000000000000000e+02 8.187490045451486509e-01
1.730000000000000000e+02 4.425466906427775182e-01
1.740000000000000000e+02 1.276638786109629553e-02
1.750000000000000000e+02 8.466303978547299325e-01
1.760000000000000000e+02 4.344830911923321937e-01
1.770000000000000000e+02 1.334686544775699479e-01
1.780000000000000000e+02 5.239237329421467804e-01
1.790000000000000000e+02 5.646932670703601609e-01
1.800000000000000000e+02 4.204142982687006924e-01
1.810000000000000000e+02 1.336867171440003776e-02
1.820000000000000000e+02 5.291965680661936400e-01
1.830000000000000000e+02 2.758116919275057644e-01
1.840000000000000000e+02 1.712810254908093688e-01
1.850000000000000000e+02 6.663546332302743291e-01
1.860000000000000000e+02 4.977783266094722991e-01
1.870000000000000000e+02 8.755028958050685706e-01
1.880000000000000000e+02 6.126942776994397377e-01
1.890000000000000000e+02 4.588599433541392658e-01
1.900000000000000000e+02 7.507571429874861924e-01
1.910000000000000000e+02 7.340336346225539987e-02
1.920000000000000000e+02 5.333262015682143087e-01
1.930000000000000000e+02 8.531379829763452438e-02
1.940000000000000000e+02 5.494046622693219417e-01
1.950000000000000000e+02 7.944870393408853815e-02
1.960000000000000000e+02 3.438132376358665754e-01
1.970000000000000000e+02 4.166554819325803960e-01
1.980000000000000000e+02 1.721051581502331951e-01
1.990000000000000000e+02 8.399876938514841962e-01
2.000000000000000000e+02 1.790825545221653714e-01
2.010000000000000000e+02 9.579672767034016490e-01
2.020000000000000000e+02 4.166857001628512247e-01
2.030000000000000000e+02 3.254280266789061349e-01
2.040000000000000000e+02 1.848638501172441551e-01
2.050000000000000000e+02 8.965424884098226466e-01
2.060000000000000000e+02 9.497465048872864024e-01
2.070000000000000000e+02 9.658007665538085318e-01
2.080000000000000000e+02 7.211149440983268821e-01
2.090000000000000000e+02 4.525447224060852314e-01
2.100000000000000000e+02 7.582607719361187382e-01
2.110000000000000000e+02 9.556707842392705432e-01
2.120000000000000000e+02 4.605063877964443719e-02
2.130000000000000000e+02 8.568932024808924020e-01
2.140000000000000000e+02 7.978220820394961166e-01
2.150000000000000000e+02 6.804812028335679441e-01
2.160000000000000000e+02 8.894095041836611593e-01
2.170000000000000000e+02 3.531188890003075231e-01
2.180000000000000000e+02 5.504283833239100865e-01
2.190000000000000000e+02 1.058346749389922348e-01
2.200000000000000000e+02 9.430677574921341177e-01
2.210000000000000000e+02 9.675617675704883958e-02
2.220000000000000000e+02 5.853613542520925694e-01
2.230000000000000000e+02 6.274040410478871621e-01
2.240000000000000000e+02 3.302223939195552127e-01
2.250000000000000000e+02 3.338731554705035576e-01
2.260000000000000000e+02 6.307738575041399454e-01
2.270000000000000000e+02 3.674210991490223233e-02
2.280000000000000000e+02 5.783785426814338493e-01
2.290000000000000000e+02 7.134547047414401266e-01
2.300000000000000000e+02 5.786261246784395462e-01
2.310000000000000000e+02 1.128064576964310506e-01
2.320000000000000000e+02 3.497598237152393930e-01
2.330000000000000000e+02 1.682446062766701500e-01
2.340000000000000000e+02 4.461788393922083706e-02
2.350000000000000000e+02 6.125706628409967047e-01
2.360000000000000000e+02 8.864869971623480227e-01
2.370000000000000000e+02 8.226579129957108938e-01
2.380000000000000000e+02 1.293256121839193584e-01
2.390000000000000000e+02 3.488719876745620674e-01
2.400000000000000000e+02 6.181681996892655073e-01
2.410000000000000000e+02 9.283888748763401422e-01
2.420000000000000000e+02 7.418527874571796410e-01
2.430000000000000000e+02 2.670571504919837524e-01
2.440000000000000000e+02 6.953127031096950628e-01
2.450000000000000000e+02 4.822679325096059788e-01
2.460000000000000000e+02 1.226629606568753195e-01
2.470000000000000000e+02 3.458687345754163367e-01
2.480000000000000000e+02 1.516583838974127074e-01
2.490000000000000000e+02 6.547333504010990346e-01
2.500000000000000000e+02 1.261145118287629874e-01
2.510000000000000000e+02 6.203102342956691162e-01
2.520000000000000000e+02 7.625147896510788836e-01
2.530000000000000000e+02 2.642535945458884816e-01
2.540000000000000000e+02 4.064916449876865290e-02
2.550000000000000000e+02 7.645038700288794287e-01
2.560000000000000000e+02 4.667980877831466868e-01
2.570000000000000000e+02 6.038996991234126810e-01
2.580000000000000000e+02 7.912090643474003482e-01
2.590000000000000000e+02 6.490326398155519261e-01
2.600000000000000000e+02 9.436530724059690733e-01
2.610000000000000000e+02 3.239131147993585813e-01
2.620000000000000000e+02 3.776251702951303191e-01
2.630000000000000000e+02 3.184008244023486256e-01
2.640000000000000000e+02 2.557635150254492507e-01
2.650000000000000000e+02 5.702286739170525642e-01
2.660000000000000000e+02 8.860980620546476949e-01
2.670000000000000000e+02 8.680481841299683143e-01
2.680000000000000000e+02 8.912118211968339532e-01
2.690000000000000000e+02 1.000078850641427097e-01
2.700000000000000000e+02 1.501120265692401645e-01
2.710000000000000000e+02 2.143416373680622211e-01
2.720000000000000000e+02 9.945201006964464741e-01
2.730000000000000000e+02 6.016456695933136700e-01
2.740000000000000000e+02 6.246888498569660442e-01
2.750000000000000000e+02 2.146844870774439196e-01
2.760000000000000000e+02 5.657553045854012419e-01
2.770000000000000000e+02 6.246687557571175553e-01
2.780000000000000000e+02 9.645962012748496850e-01
2.790000000000000000e+02 5.893481641135780436e-01
2.800000000000000000e+02 3.616285263891823032e-01
2.810000000000000000e+02 6.168484947853117850e-01
2.820000000000000000e+02 5.777597139021251049e-01
2.830000000000000000e+02 7.338873975789936832e-01
2.840000000000000000e+02 4.371871207077550059e-01
2.850000000000000000e+02 3.678979690028614247e-01
2.860000000000000000e+02 1.028011980100365097e-01
2.870000000000000000e+02 3.126318108734674750e-01
2.880000000000000000e+02 4.403298656415811640e-01
2.890000000000000000e+02 8.128226751603135902e-01
2.900000000000000000e+02 4.259892293993042811e-01
2.910000000000000000e+02 9.133090546494202489e-01
2.920000000000000000e+02 2.114178437391638354e-01
2.930000000000000000e+02 9.253042779345115321e-01
2.940000000000000000e+02 6.564516994911172576e-01
2.950000000000000000e+02 7.470466936478545872e-01
2.960000000000000000e+02 9.690043951716734716e-01
2.970000000000000000e+02 2.078857155289995928e-01
2.980000000000000000e+02 9.066050293254762638e-01
2.990000000000000000e+02 9.648626856478142999e-01
3.000000000000000000e+02 8.019708367533635585e-01
3.010000000000000000e+02 5.872222971464188257e-01
3.020000000000000000e+02 6.417703086306280058e-01
3.030000000000000000e+02 6.641830516798652440e-02
3.040000000000000000e+02 1.503140123480952717e-01
3.050000000000000000e+02 4.115094708833633153e-02
3.060000000000000000e+02 2.112415245563477040e-01
3.070000000000000000e+02 9.644002825244165633e-01
3.080000000000000000e+02 9.830742763190978284e-01
3.090000000000000000e+02 3.999234398908594335e-01
3.100000000000000000e+02 2.075609510742271180e-01
3.110000000000000000e+02 9.572443491611892785e-02
3.120000000000000000e+02 4.004398602573744359e-01
3.130000000000000000e+02 7.080250399728306165e-01
3.140000000000000000e+02 8.226940102280179135e-01
3.150000000000000000e+02 8.864536539796079584e-01
3.160000000000000000e+02 5.842709635757454834e-01
3.170000000000000000e+02 7.377104350128067534e-01
3.180000000000000000e+02 7.387450747822175146e-01
3.190000000000000000e+02 2.682039660678536830e-02
3.200000000000000000e+02 2.608802848958147180e-01
3.210000000000000000e+02 5.272877039207762850e-01
3.220000000000000000e+02 4.738539925256157748e-01
3.230000000000000000e+02 1.028513733806111219e-01
3.240000000000000000e+02 5.756116633899419632e-01
3.250000000000000000e+02 5.808634348271242143e-01
3.260000000000000000e+02 8.615838485093633148e-01
3.270000000000000000e+02 8.711877522977140575e-02
3.280000000000000000e+02 7.321855771363195986e-01
3.290000000000000000e+02 1.453244563413002011e-01
3.300000000000000000e+02 3.051788833862911776e-01
3.310000000000000000e+02 2.403576266415889950e-01
3.320000000000000000e+02 7.566290024892863286e-01
3.330000000000000000e+02 6.349053081814265420e-01
3.340000000000000000e+02 8.838039040729956941e-01
3.350000000000000000e+02 4.509980139349326622e-01
3.360000000000000000e+02 8.495807000433104328e-01
3.370000000000000000e+02 9.766398427884617206e-01
3.380000000000000000e+02 6.057723156028601563e-01
3.390000000000000000e+02 1.064488710943622962e-02
3.400000000000000000e+02 9.740567288779449218e-01
3.410000000000000000e+02 8.488505007073642306e-01
3.420000000000000000e+02 8.194822409877202674e-01
3.430000000000000000e+02 1.628599616392381044e-01
3.440000000000000000e+02 9.735727266026196203e-01
3.450000000000000000e+02 3.650102294022651295e-01
3.460000000000000000e+02 6.903492465336451556e-01
3.470000000000000000e+02 6.781163134060390618e-01
3.480000000000000000e+02 3.883721048291155498e-03
3.490000000000000000e+02 7.966388925970059320e-01
3.500000000000000000e+02 1.549719135372306100e-01
3.510000000000000000e+02 3.600999799429221992e-01
3.520000000000000000e+02 5.777878126337180342e-01
3.530000000000000000e+02 1.026874166401231525e-01
3.540000000000000000e+02 9.312257815569994213e-01
3.550000000000000000e+02 8.300050447258192632e-01
3.560000000000000000e+02 4.305241179345132840e-01
3.570000000000000000e+02 3.776390579438856365e-01
3.580000000000000000e+02 1.406141499117695703e-01
3.590000000000000000e+02 2.292967516162149888e-01
3.600000000000000000e+02 9.010601868470984321e-01
3.610000000000000000e+02 1.318242379937708542e-01
3.620000000000000000e+02 5.406421939860848180e-01
3.630000000000000000e+02 4.581311444303195479e-01
3.640000000000000000e+02 3.087022215879404730e-01
3.650000000000000000e+02 8.807397784347684722e-01
3.660000000000000000e+02 2.018885107621561925e-01
3.670000000000000000e+02 7.251218750276863245e-01
3.680000000000000000e+02 7.129153885774437427e-01
3.690000000000000000e+02 2.147927665208503312e-01
3.700000000000000000e+02 3.068981045342467073e-02
3.710000000000000000e+02 3.996843234942388801e-01
3.720000000000000000e+02 4.458470588635309317e-01
3.730000000000000000e+02 4.581960770686699380e-01
3.740000000000000000e+02 5.024895423221704682e-01
3.750000000000000000e+02 4.346423873777229829e-01
3.760000000000000000e+02 8.742110447440982757e-01
3.770000000000000000e+02 7.755750822712531578e-01
3.780000000000000000e+02 9.596915881897268852e-01
3.790000000000000000e+02 2.225432027194209628e-01
3.800000000000000000e+02 4.113122732980578622e-02
3.810000000000000000e+02 8.083036331093435001e-01
3.820000000000000000e+02 9.933695472961712181e-01
3.830000000000000000e+02 8.094056723808344955e-01
3.840000000000000000e+02 3.410581275047991356e-01
3.850000000000000000e+02 5.217752562055422150e-02
3.860000000000000000e+02 6.855033263260768006e-02
3.870000000000000000e+02 4.717045567132056583e-01
3.880000000000000000e+02 4.273912794543108795e-01
3.890000000000000000e+02 1.980790508488313728e-01
3.900000000000000000e+02 5.110635038707954658e-01
3.910000000000000000e+02 2.220952983437449735e-01
3.920000000000000000e+02 5.502049834215398949e-01
3.930000000000000000e+02 4.751612972465596441e-01
3.940000000000000000e+02 6.344329931849074233e-01
3.950000000000000000e+02 5.336487989814681088e-01
3.960000000000000000e+02 4.605592153611243189e-01
3.970000000000000000e+02 3.726580893930538929e-01
3.980000000000000000e+02 9.223789857982108709e-01
3.990000000000000000e+02 5.327463622582794267e-01
4.000000000000000000e+02 9.815564610934635059e-02
4.010000000000000000e+02 5.169272771323840665e-01
4.020000000000000000e+02 5.624155979280736073e-01
4.030000000000000000e+02 3.486224876612146195e-01
4.040000000000000000e+02 4.880080383966134416e-02
4.050000000000000000e+02 5.319401847536553429e-02
4.060000000000000000e+02 6.416363204904790285e-01
4.070000000000000000e+02 3.618101398768328592e-01
4.080000000000000000e+02 6.307772656296432023e-01
4.090000000000000000e+02 4.143829106608520885e-02
4.100000000000000000e+02 8.651968658066482298e-01
4.110000000000000000e+02 7.824618157791765061e-01
4.120000000000000000e+02 6.823695145412652652e-01
4.130000000000000000e+02 9.614498405190988750e-01
4.140000000000000000e+02 8.199042684617241505e-01
4.150000000000000000e+02 9.071074784489233656e-01
4.160000000000000000e+02 5.551623808974656127e-01
4.170000000000000000e+02 6.132880230504593744e-01
4.180000000000000000e+02 3.675548356049151977e-02
4.190000000000000000e+02 6.594111091050061102e-01
4.200000000000000000e+02 8.636769066821440299e-01
4.210000000000000000e+02 2.060021454364004967e-01
4.220000000000000000e+02 1.839433801971843696e-01
4.230000000000000000e+02 5.355300066922088487e-01
4.240000000000000000e+02 7.240495068329446671e-01
4.250000000000000000e+02 6.432992612854879777e-01
4.260000000000000000e+02 2.327897734679208464e-01
4.270000000000000000e+02 8.644401645322525862e-01
4.280000000000000000e+02 1.223756728585941866e-01
4.290000000000000000e+02 3.028284352303701743e-01
4.300000000000000000e+02 3.522716980615760995e-01
4.310000000000000000e+02 5.413945912018416351e-01
4.320000000000000000e+02 6.679419381889353247e-01
4.330000000000000000e+02 3.521938947843160639e-01
4.340000000000000000e+02 3.464522371926590516e-01
4.350000000000000000e+02 9.418901219757108700e-01
4.360000000000000000e+02 8.636512702286252008e-01
4.370000000000000000e+02 5.571132481089517974e-01
4.380000000000000000e+02 4.155626408993041698e-01
4.390000000000000000e+02 9.103364768214411429e-01
4.400000000000000000e+02 2.842285935227865101e-01
4.410000000000000000e+02 8.764738903332526254e-01
4.420000000000000000e+02 8.431148297326250818e-01
4.430000000000000000e+02 1.045854135672628082e-01
4.440000000000000000e+02 1.918902330945456702e-01
4.450000000000000000e+02 2.740330561138889509e-01
4.460000000000000000e+02 8.132125739202664683e-01
4.470000000000000000e+02 5.224058733731035131e-01
4.480000000000000000e+02 5.326908314479050777e-01
4.490000000000000000e+02 7.836995408552969167e-01
4.500000000000000000e+02 5.881002327673177099e-01
4.510000000000000000e+02 3.128348141471157806e-01
4.520000000000000000e+02 1.649558549812584207e-01
4.530000000000000000e+02 3.691659828624596074e-01
4.540000000000000000e+02 9.343102800074574166e-01
4.550000000000000000e+02 2.592659813038339367e-01
4.560000000000000000e+02 1.689769530846952916e-01
4.570000000000000000e+02 1.836655560817769262e-01
4.580000000000000000e+02 3.630292649290661755e-01
4.590000000000000000e+02 5.310871920404607316e-01
4.600000000000000000e+02 2.461455476960308086e-01
4.610000000000000000e+02 6.280771111643357330e-01
4.620000000000000000e+02 4.862229301841771711e-01
4.630000000000000000e+02 1.991764095421122427e-03
4.640000000000000000e+02 7.286789932088851840e-01
4.650000000000000000e+02 9.333102704172773212e-01
4.660000000000000000e+02 3.159632068643725145e-02
4.670000000000000000e+02 7.757215576247048494e-01
4.680000000000000000e+02 3.580009549796059343e-02
4.690000000000000000e+02 3.388197862205356570e-01
4.700000000000000000e+02 9.874592797791641452e-01
4.710000000000000000e+02 9.560268579231478991e-01
4.720000000000000000e+02 8.012308373935534966e-01
4.730000000000000000e+02 6.276112955838375473e-02
4.740000000000000000e+02 7.173816346526289411e-01
4.750000000000000000e+02 5.172256647358255410e-01
4.760000000000000000e+02 2.551579944714781334e-01
4.770000000000000000e+02 1.028213126725185944e-01
4.780000000000000000e+02 1.489073401259120022e-01
4.790000000000000000e+02 5.816794719704682093e-01
4.800000000000000000e+02 3.140479350810899684e-01
4.810000000000000000e+02 4.675653252883765765e-01
4.820000000000000000e+02 5.045041279834493464e-01
4.830000000000000000e+02 8.538303901375760008e-01
4.840000000000000000e+02 8.716769021565866638e-01
4.850000000000000000e+02 1.791863439652230383e-01
4.860000000000000000e+02 3.487793942879005016e-01
4.870000000000000000e+02 1.817026682805789051e-01
4.880000000000000000e+02 9.392895987810038205e-01
4.890000000000000000e+02 8.247252719201372262e-01
4.900000000000000000e+02 9.385069896518383192e-02
4.910000000000000000e+02 6.782911559594242412e-01
4.920000000000000000e+02 2.579015166696597694e-01
4.930000000000000000e+02 1.113686940235727452e-01
4.940000000000000000e+02 9.013067421834134452e-01
4.950000000000000000e+02 9.735668674440189907e-01
4.960000000000000000e+02 8.445217068630530566e-01
4.970000000000000000e+02 6.754858590182925004e-01
4.980000000000000000e+02 2.834079355796409461e-01
4.990000000000000000e+02 9.257864509152669008e-02
5.000000000000000000e+02 3.139187965310967776e-01
5.010000000000000000e+02 9.273921539183085372e-01
5.020000000000000000e+02 9.360990765636854061e-01
5.030000000000000000e+02 4.432256121799554860e-01
5.040000000000000000e+02 7.226282061575204363e-01
5.050000000000000000e+02 4.468700093281580132e-01
5.060000000000000000e+02 8.492528493494534425e-01
5.070000000000000000e+02 7.592087823727702300e-01
5.080000000000000000e+02 7.460353380771090892e-01
5.090000000000000000e+02 1.037664257814461255e-01
5.100000000000000000e+02 8.844262473107533662e-01
5.110000000000000000e+02 3.649601732227505391e-01
5.120000000000000000e+02 8.502911535129481502e-01
5.130000000000000000e+02 2.086435288151697875e-01
5.140000000000000000e+02 3.720794225534129751e-02
5.150000000000000000e+02 1.978417834191775748e-01
5.160000000000000000e+02 2.536051013562262701e-01
5.170000000000000000e+02 7.045241717783491397e-01
5.180000000000000000e+02 5.645695612626269178e-01
5.190000000000000000e+02 8.169077986159006821e-01
5.200000000000000000e+02 2.271476155836422706e-01
5.210000000000000000e+02 2.991044621489999944e-01
5.220000000000000000e+02 7.818018279473424315e-01
5.230000000000000000e+02 9.320838134124411756e-01
5.240000000000000000e+02 8.822561969377650248e-01
5.250000000000000000e+02 6.077964626157335015e-01
5.260000000000000000e+02 8.782857330022556530e-01
5.270000000000000000e+02 4.502863981495323076e-01
5.280000000000000000e+02 2.825365950920319946e-01
5.290000000000000000e+02 3.103427466473082097e-01
5.300000000000000000e+02 6.129253324922986357e-01
5.310000000000000000e+02 7.975554907295794305e-01
5.320000000000000000e+02 6.997016534169941959e-02
5.330000000000000000e+02 6.227118757324398013e-01
5.340000000000000000e+02 3.397849484056415514e-01
5.350000000000000000e+02 9.541982340612041869e-01
5.360000000000000000e+02 9.440309194419010952e-01
5.370000000000000000e+02 7.254009537293804044e-02
5.380000000000000000e+02 3.951061307429400982e-01
5.390000000000000000e+02 7.113408831508429842e-01
5.400000000000000000e+02 2.702838971011576330e-01
5.410000000000000000e+02 6.245643329017788181e-01
5.420000000000000000e+02 7.964743869622574746e-01
5.430000000000000000e+02 6.320233916496368343e-01
5.440000000000000000e+02 9.544927105066575157e-01
5.450000000000000000e+02 2.933752985306237182e-02
5.460000000000000000e+02 4.039885404001187785e-01
5.470000000000000000e+02 5.688866969843224819e-01
5.480000000000000000e+02 8.826819246212802561e-02
5.490000000000000000e+02 8.014033674189968703e-02
5.500000000000000000e+02 6.496019929528282777e-01
5.510000000000000000e+02 1.131022379929269572e-02
5.520000000000000000e+02 4.850762751473465251e-01
5.530000000000000000e+02 5.814637145078156433e-01
5.540000000000000000e+02 1.028159592460438088e-01
5.550000000000000000e+02 2.341848990577299894e-02
5.560000000000000000e+02 4.024439576823339859e-01
5.570000000000000000e+02 6.691793975260974525e-01
5.580000000000000000e+02 4.580273513798089891e-01
5.590000000000000000e+02 6.082339040129642882e-01
5.600000000000000000e+02 4.434995112193935718e-01
5.610000000000000000e+02 8.886626287108170263e-01
5.620000000000000000e+02 5.086302665937705303e-01
5.630000000000000000e+02 4.806113447215010215e-02
5.640000000000000000e+02 4.935726400964886018e-01
5.650000000000000000e+02 4.817844531627277771e-01
5.660000000000000000e+02 9.097557831988860588e-01
5.670000000000000000e+02 9.025027576960317210e-01
5.680000000000000000e+02 1.230250360611605531e-01
5.690000000000000000e+02 2.671773298668699281e-01
5.700000000000000000e+02 1.330021496911856227e-01
5.710000000000000000e+02 3.547157121397951363e-01
5.720000000000000000e+02 3.254461026256787459e-01
5.730000000000000000e+02 8.245454554366915545e-01
5.740000000000000000e+02 9.282445730395076922e-01
5.750000000000000000e+02 1.378342302301266420e-01
5.760000000000000000e+02 8.919625624080813608e-01
5.770000000000000000e+02 2.081624476485410824e-01
5.780000000000000000e+02 9.076593154356250581e-01
5.790000000000000000e+02 4.477764541531263909e-01
5.800000000000000000e+02 5.695359035139320181e-01
5.810000000000000000e+02 1.920269638182944272e-01
5.820000000000000000e+02 5.168925817013853008e-01
5.830000000000000000e+02 5.362471660906497073e-01
5.840000000000000000e+02 7.837770177153294826e-01
5.850000000000000000e+02 4.723373344974524102e-01
5.860000000000000000e+02 9.547827770851902152e-01
5.870000000000000000e+02 6.376395473311154971e-01
5.880000000000000000e+02 8.718474419015809218e-01
5.890000000000000000e+02 7.213463589238621188e-01
5.900000000000000000e+02 3.247150646764929149e-02
5.910000000000000000e+02 3.039262302786660541e-01
5.920000000000000000e+02 4.638212811448395589e-01
5.930000000000000000e+02 6.646129570168405332e-01
5.940000000000000000e+02 5.694225226032076925e-01
5.950000000000000000e+02 6.883086460171669030e-01
5.960000000000000000e+02 7.253798547315025713e-01
5.970000000000000000e+02 8.535950583698381777e-01
5.980000000000000000e+02 5.310845012920878405e-01
5.990000000000000000e+02 8.832580284604835130e-01
6.000000000000000000e+02 7.102249601426025016e-03
6.010000000000000000e+02 4.183825313973266180e-01
6.020000000000000000e+02 3.534811019410215582e-01
6.030000000000000000e+02 8.632879074820762888e-01
6.040000000000000000e+02 7.089950081216102040e-01
6.050000000000000000e+02 3.686816771727050579e-01
6.060000000000000000e+02 7.281434803907841369e-01
6.070000000000000000e+02 3.569398906351488598e-01
6.080000000000000000e+02 2.514971170809685574e-01
6.090000000000000000e+02 7.523234431992887883e-01
6.100000000000000000e+02 7.661719162544095019e-01
6.110000000000000000e+02 6.642539232129207605e-02
6.120000000000000000e+02 4.657906093895104460e-01
6.130000000000000000e+02 4.837872672615524117e-01
6.140000000000000000e+02 3.844946562462480122e-01
6.150000000000000000e+02 3.321604704246681194e-01
6.160000000000000000e+02 9.156511908730569083e-02
6.170000000000000000e+02 3.726098843925144122e-01
6.180000000000000000e+02 6.131642274042071739e-01
6.190000000000000000e+02 9.998843579449749885e-01
6.200000000000000000e+02 5.323273692624638231e-01
6.210000000000000000e+02 2.492756124692192543e-01
6.220000000000000000e+02 5.499430744932489734e-01
6.230000000000000000e+02 6.947717084477927907e-01
6.240000000000000000e+02 4.141962538432719665e-01
6.250000000000000000e+02 6.318412865521234600e-01
6.260000000000000000e+02 6.008512418140837807e-01
6.270000000000000000e+02 5.055773589012246827e-01
6.280000000000000000e+02 4.959878305420082345e-01
6.290000000000000000e+02 9.022551079774050464e-01
6.300000000000000000e+02 7.755107978754886000e-01
6.310000000000000000e+02 5.800004030505739872e-01
6.320000000000000000e+02 4.107922210919030537e-01
6.330000000000000000e+02 4.229858935697600186e-01
6.340000000000000000e+02 6.486170081754303318e-01
6.350000000000000000e+02 3.087462834440496406e-01
6.360000000000000000e+02 3.706259933705103871e-01
6.370000000000000000e+02 9.558840336375856728e-01
6.380000000000000000e+02 2.929165606091982399e-01
6.390000000000000000e+02 8.920432612073164735e-01
6.400000000000000000e+02 9.247286779874541729e-01
6.410000000000000000e+02 2.612115987903962377e-01
6.420000000000000000e+02 6.388315743323882412e-01
6.430000000000000000e+02 1.879179990183397209e-01
6.440000000000000000e+02 1.530660476522974767e-01
6.450000000000000000e+02 4.692915187413839728e-01
6.460000000000000000e+02 7.388967160154545910e-01
6.470000000000000000e+02 5.419051327240845817e-01
6.480000000000000000e+02 3.952612105734598646e-01
6.490000000000000000e+02 9.903183212757261655e-01
6.500000000000000000e+02 2.237284055806570970e-01
6.510000000000000000e+02 4.143146715923338164e-01
6.520000000000000000e+02 1.533393849809339127e-01
6.530000000000000000e+02 5.558292108847149304e-01
6.540000000000000000e+02 5.885569329330966326e-01
6.550000000000000000e+02 2.375162166082496196e-01
6.560000000000000000e+02 3.254270495059721213e-01
6.570000000000000000e+02 2.274296853180347577e-01
6.580000000000000000e+02 7.048556522927272860e-01
6.590000000000000000e+02 1.998719819646742613e-01
6.600000000000000000e+02 9.171454862266458230e-01
6.610000000000000000e+02 6.862634394753336364e-01
6.620000000000000000e+02 2.689724824217358812e-01
6.630000000000000000e+02 4.739201856167968296e-01
6.640000000000000000e+02 8.774615720302412214e-01
6.650000000000000000e+02 5.461760408009262990e-01
6.660000000000000000e+02 9.340619038444516464e-01
6.670000000000000000e+02 7.791050426692418540e-01
6.680000000000000000e+02 6.297128002121885615e-01
6.690000000000000000e+02 2.980041591785834720e-01
6.700000000000000000e+02 8.298489447383071704e-01
6.710000000000000000e+02 1.820676955999732671e-01
6.720000000000000000e+02 4.499403854211142528e-01
6.730000000000000000e+02 3.497919468809185251e-01
6.740000000000000000e+02 7.049288337905962321e-01
6.750000000000000000e+02 3.054334884850696819e-01
6.760000000000000000e+02 7.644483080877944037e-01
6.770000000000000000e+02 3.041530214335286253e-01
6.780000000000000000e+02 9.537736748968621558e-01
6.790000000000000000e+02 5.498458267301078450e-01
6.800000000000000000e+02 2.976378015745873018e-01
6.810000000000000000e+02 7.000422184429661021e-01
6.820000000000000000e+02 2.631522445460479087e-01
6.830000000000000000e+02 8.125653879681122849e-01
6.840000000000000000e+02 5.489596471702368197e-01
6.850000000000000000e+02 1.183019103025783059e-01
6.860000000000000000e+02 5.688663062145725702e-01
6.870000000000000000e+02 5.992501787212189956e-01
6.880000000000000000e+02 8.045888238123660718e-01
6.890000000000000000e+02 8.074158572245071497e-02
6.900000000000000000e+02 7.133131237734472441e-01
6.910000000000000000e+02 2.452906494251173575e-01
6.920000000000000000e+02 6.043836688009518454e-02
6.930000000000000000e+02 3.783359047118129981e-01
6.940000000000000000e+02 9.715043823082293306e-01
6.950000000000000000e+02 4.622297919706608305e-01
6.960000000000000000e+02 1.446864016073279302e-02
6.970000000000000000e+02 5.642724690160874079e-01
6.980000000000000000e+02 9.854435472418172637e-01
6.990000000000000000e+02 4.338440857638636849e-01
7.000000000000000000e+02 6.713734052935506069e-01
7.010000000000000000e+02 4.912569258265431227e-01
7.020000000000000000e+02 3.291587487173832649e-01
7.030000000000000000e+02 6.917031558352985110e-01
7.040000000000000000e+02 9.899628682758867537e-01
7.050000000000000000e+02 2.131067418923044965e-01
7.060000000000000000e+02 3.765193675402477291e-01
7.070000000000000000e+02 9.231957473658898294e-01
7.080000000000000000e+02 1.511672612717412933e-01
7.090000000000000000e+02 5.708337612906477787e-02
7.100000000000000000e+02 7.560359249417645255e-01
7.110000000000000000e+02 7.836467766364063614e-02
7.120000000000000000e+02 3.142751391212711409e-01
7.130000000000000000e+02 6.162930263766586148e-02
7.140000000000000000e+02 2.055474148138083379e-01
7.150000000000000000e+02 7.367642844322465079e-01
7.160000000000000000e+02 9.590127206673174642e-01
7.170000000000000000e+02 8.239790895295608930e-01
7.180000000000000000e+02 8.714259448585786050e-01
7.190000000000000000e+02 8.795951924954749090e-01
7.200000000000000000e+02 5.743705733527800783e-01
7.210000000000000000e+02 9.082954168940735595e-01
7.220000000000000000e+02 1.428360064905004334e-01
7.230000000000000000e+02 7.822413981382025927e-02
7.240000000000000000e+02 7.896349512717827368e-01
7.250000000000000000e+02 6.625472631208333407e-01
7.260000000000000000e+02 3.327605019328965241e-01
7.270000000000000000e+02 4.996836392194066168e-01
7.280000000000000000e+02 6.669090435736524380e-02
7.290000000000000000e+02 4.168858494338779641e-01
7.300000000000000000e+02 1.103785761290768663e-01
7.310000000000000000e+02 9.116733145088047330e-01
7.320000000000000000e+02 1.764227475487789576e-02
7.330000000000000000e+02 1.973481100118867904e-02
7.340000000000000000e+02 3.832832130339486332e-01
7.350000000000000000e+02 3.857284360211382657e-01
7.360000000000000000e+02 8.880687907052520202e-02
7.370000000000000000e+02 6.503079618525841044e-01
7.380000000000000000e+02 7.131028115116243571e-01
7.390000000000000000e+02 3.983659345182859468e-01
7.400000000000000000e+02 1.169832015363996280e-01
7.410000000000000000e+02 5.689887845017965740e-01
7.420000000000000000e+02 6.935828546130469174e-01
7.430000000000000000e+02 5.187112961743955974e-02
7.440000000000000000e+02 1.342123794429439521e-02
7.450000000000000000e+02 9.024680944181553421e-01
7.460000000000000000e+02 8.678913440517350697e-01
7.470000000000000000e+02 1.003791998735144020e-01
7.480000000000000000e+02 4.894945342908454400e-01
7.490000000000000000e+02 3.226417598902305839e-01
7.500000000000000000e+02 4.624770629649656017e-01
7.510000000000000000e+02 7.077733419259879533e-01
7.520000000000000000e+02 2.188272646422072532e-01
7.530000000000000000e+02 8.282505539070061928e-02
7.540000000000000000e+02 6.902988289031380953e-01
7.550000000000000000e+02 3.292521143767082048e-01
7.560000000000000000e+02 1.319536168027958256e-01
7.570000000000000000e+02 3.296751392136159087e-01
7.580000000000000000e+02 1.840005647587905635e-01
7.590000000000000000e+02 3.093754490784191846e-01
7.600000000000000000e+02 1.722096479375262446e-01
7.610000000000000000e+02 8.567488997095250580e-01
7.620000000000000000e+02 4.100688726965837638e-01
7.630000000000000000e+02 3.875600566199107755e-01
7.640000000000000000e+02 6.077608304639470216e-01
7.650000000000000000e+02 1.705922806965448624e-01
7.660000000000000000e+02 6.303170887928275512e-01
7.670000000000000000e+02 1.856493080210350755e-01
7.680000000000000000e+02 2.630355187204911349e-01
7.690000000000000000e+02 1.825094363052895963e-01
7.700000000000000000e+02 8.025759879166972643e-01
7.710000000000000000e+02 6.325097786998239435e-01
7.720000000000000000e+02 6.559449835545564378e-01
7.730000000000000000e+02 3.178365899995412303e-01
7.740000000000000000e+02 5.124447039875807963e-01
7.750000000000000000e+02 7.335532369662823848e-01
7.760000000000000000e+02 8.818143347602767079e-01
7.770000000000000000e+02 9.053076051135465763e-01
7.780000000000000000e+02 4.317824587594358832e-01
7.790000000000000000e+02 8.155785191164516279e-01
7.800000000000000000e+02 1.624577374195219637e-01
7.810000000000000000e+02 5.147778160009242043e-01
7.820000000000000000e+02 6.817587356594879688e-01
7.830000000000000000e+02 1.231396321245792347e-02
7.840000000000000000e+02 4.401907624197870517e-01
7.850000000000000000e+02 9.327204403374524944e-01
7.860000000000000000e+02 6.969673087578204251e-01
7.870000000000000000e+02 6.851645497941560858e-02
7.880000000000000000e+02 2.814736344347112951e-01
7.890000000000000000e+02 9.720218171290966325e-01
7.900000000000000000e+02 9.490041278414592663e-01
7.910000000000000000e+02 8.103251078527919926e-01
7.920000000000000000e+02 8.550449820072310025e-01
7.930000000000000000e+02 2.891082825448687554e-02
7.940000000000000000e+02 3.369321798556219605e-01
7.950000000000000000e+02 3.956829279342356509e-01
7.960000000000000000e+02 1.883787776766668864e-01
7.970000000000000000e+02 4.482777107122137839e-01
7.980000000000000000e+02 1.040851500459418766e-01
7.990000000000000000e+02 9.814044417821060629e-01
8.000000000000000000e+02 2.820679315733506387e-01
8.010000000000000000e+02 8.746456403751664554e-01
8.020000000000000000e+02 8.506610718627594103e-02
8.030000000000000000e+02 8.400869796106504861e-01
8.040000000000000000e+02 3.699630855136698537e-01
8.050000000000000000e+02 8.453204475322784184e-02
8.060000000000000000e+02 4.715423834000994630e-01
8.070000000000000000e+02 3.953585717031986579e-01
8.080000000000000000e+02 2.194201932657743326e-01
8.090000000000000000e+02 7.225850447931169152e-01
8.100000000000000000e+02 7.913372224574820590e-01
8.110000000000000000e+02 4.545495320960590835e-01
8.120000000000000000e+02 6.701512369361140031e-02
8.130000000000000000e+02 6.416520488409555023e-01
8.140000000000000000e+02 9.728697885522894495e-01
8.150000000000000000e+02 1.432845820761721178e-01
8.160000000000000000e+02 9.496610883049403373e-01
8.170000000000000000e+02 5.335899126625173183e-01
8.180000000000000000e+02 6.105473959930184380e-01
8.190000000000000000e+02 7.508083890226668888e-02
8.200000000000000000e+02 9.659337073701133036e-01
8.210000000000000000e+02 8.923360833171900541e-01
8.220000000000000000e+02 1.918077883920986659e-01
8.230000000000000000e+02 3.152857241694947410e-01
8.240000000000000000e+02 5.539761815790305022e-01
8.250000000000000000e+02 2.841636386672333758e-01
8.260000000000000000e+02 8.210741627651662045e-01
8.270000000000000000e+02 5.782029303893115868e-01
8.280000000000000000e+02 6.951981900596246877e-01
8.290000000000000000e+02 6.414106296922003070e-01
8.300000000000000000e+02 8.326737696166828240e-01
8.310000000000000000e+02 6.587959626220712961e-01
8.320000000000000000e+02 6.775881506752690076e-01
8.330000000000000000e+02 5.322841345347317787e-01
8.340000000000000000e+02 2.890204039093291488e-02
8.350000000000000000e+02 2.549469852797408009e-01
8.360000000000000000e+02 3.107215587295729664e-01
8.370000000000000000e+02 7.005568121090399725e-02
8.380000000000000000e+02 5.204799677586079421e-01
8.390000000000000000e+02 1.064200409456953489e-01
8.400000000000000000e+02 5.005438373950987785e-01
8.410000000000000000e+02 2.298395392685266270e-01
8.420000000000000000e+02 9.881931081030080888e-01
8.430000000000000000e+02 5.144008370166287536e-01
8.440000000000000000e+02 3.086861152731522617e-01
8.450000000000000000e+02 3.159397957211699248e-01
8.460000000000000000e+02 7.553107837474747344e-01
8.470000000000000000e+02 9.673678660149120923e-02
8.480000000000000000e+02 3.743091671669835918e-01
8.490000000000000000e+02 2.304486883635418204e-01
8.500000000000000000e+02 4.401904412561276070e-01
8.510000000000000000e+02 4.398641324008282227e-01
8.520000000000000000e+02 4.617318325852759475e-01
8.530000000000000000e+02 6.721317698507671690e-01
8.540000000000000000e+02 7.671733488436097703e-01
8.550000000000000000e+02 6.968246806877753663e-01
8.560000000000000000e+02 2.775156965324906411e-01
8.570000000000000000e+02 7.391696362199435821e-01
8.580000000000000000e+02 4.917121489492575215e-01
8.590000000000000000e+02 8.519759967961826330e-02
8.600000000000000000e+02 5.601133183396863613e-01
8.610000000000000000e+02 5.420265853531185396e-01
8.620000000000000000e+02 9.680816613773828294e-01
8.630000000000000000e+02 9.056493147748893024e-01
8.640000000000000000e+02 5.309419815244997842e-02
8.650000000000000000e+02 4.067773853742581158e-01
8.660000000000000000e+02 3.187809651978547043e-01
8.670000000000000000e+02 2.232380835306664313e-01
8.680000000000000000e+02 1.032935065044223721e-01
8.690000000000000000e+02 3.797785781536533456e-02
8.700000000000000000e+02 5.992457843885284907e-01
8.710000000000000000e+02 2.567796453701931547e-02
8.720000000000000000e+02 9.710158294869434270e-01
8.730000000000000000e+02 7.353219336777634396e-01
8.740000000000000000e+02 8.098330430977673799e-01
8.750000000000000000e+02 9.309493043886849506e-01
8.760000000000000000e+02 4.230903376749827194e-01
8.770000000000000000e+02 9.363078363318233510e-02
8.780000000000000000e+02 7.258875407555870352e-01
8.790000000000000000e+02 4.986781673071982723e-02
8.800000000000000000e+02 1.856557396162508144e-01
8.810000000000000000e+02 7.353176836195393085e-01
8.820000000000000000e+02 5.216709341992398219e-01
8.830000000000000000e+02 3.256398885578211111e-01
8.840000000000000000e+02 2.927429537241840185e-01
8.850000000000000000e+02 4.248023323761288550e-01
8.860000000000000000e+02 8.002218520686971148e-01
8.870000000000000000e+02 6.124114760991500317e-01
8.880000000000000000e+02 3.899251233786621418e-01
8.890000000000000000e+02 7.248547064538766183e-01
8.900000000000000000e+02 7.003958549080063767e-01
8.910000000000000000e+02 8.642973185129516622e-01
8.920000000000000000e+02 4.729136467532184529e-01
8.930000000000000000e+02 2.693480130158346642e-01
8.940000000000000000e+02 3.173878368639824199e-01
8.950000000000000000e+02 7.242218001619882273e-02
8.960000000000000000e+02 9.466626607918248171e-01
8.970000000000000000e+02 7.285397973990622722e-01
8.980000000000000000e+02 5.451087695518137544e-01
8.990000000000000000e+02 9.955021298203835523e-01
9.000000000000000000e+02 1.734350136366850093e-01
9.010000000000000000e+02 6.886251041950797180e-02
9.020000000000000000e+02 1.997681640633559574e-01
9.030000000000000000e+02 1.645141762451773904e-02
9.040000000000000000e+02 4.095082255753482725e-01
9.050000000000000000e+02 6.155591931976448494e-01
9.060000000000000000e+02 2.637564870494930602e-01
9.070000000000000000e+02 1.746322391863264212e-02
9.080000000000000000e+02 7.074705955395953483e-01
9.090000000000000000e+02 4.821728500818522889e-01
9.100000000000000000e+02 1.568844486000475769e-03
9.110000000000000000e+02 4.624058779062826252e-01
9.120000000000000000e+02 6.862667830089395071e-01
9.130000000000000000e+02 7.491321429670566578e-01
9.140000000000000000e+02 1.571202480420441638e-02
9.150000000000000000e+02 9.494973341194232752e-01
9.160000000000000000e+02 1.841171104512543399e-01
9.170000000000000000e+02 1.264692730275082111e-01
9.180000000000000000e+02 4.522225435359319423e-01
9.190000000000000000e+02 3.457620412968450685e-01
9.200000000000000000e+02 9.090743064531071616e-01
9.210000000000000000e+02 6.258785440128215027e-01
9.220000000000000000e+02 5.642070672670734810e-01
9.230000000000000000e+02 6.210969874233446264e-01
9.240000000000000000e+02 5.877140894406606142e-01
9.250000000000000000e+02 9.743699902543989655e-01
9.260000000000000000e+02 5.225064603493575488e-01
9.270000000000000000e+02 3.382940035372088428e-01
9.280000000000000000e+02 8.415545252222871309e-01
9.290000000000000000e+02 7.709115875855647726e-01
9.300000000000000000e+02 6.865859349381664423e-03
9.310000000000000000e+02 4.407965265620483741e-03
9.320000000000000000e+02 4.903093280210586435e-01
9.330000000000000000e+02 3.742317316893113421e-01
9.340000000000000000e+02 7.372984807708443666e-01
9.350000000000000000e+02 7.422831297631093950e-02
9.360000000000000000e+02 5.606230941252710043e-01
9.370000000000000000e+02 7.563681199301650615e-01
9.380000000000000000e+02 3.250440132640952662e-01
9.390000000000000000e+02 3.627964810475301505e-01
9.400000000000000000e+02 3.073929763177903896e-01
9.410000000000000000e+02 2.095076017918557909e-01
9.420000000000000000e+02 7.018262281472140707e-01
9.430000000000000000e+02 2.380859897152263205e-01
9.440000000000000000e+02 1.739947203762639560e-01
9.450000000000000000e+02 7.462855064475697464e-01
9.460000000000000000e+02 7.240284611487854960e-01
9.470000000000000000e+02 5.032417710848391401e-03
9.480000000000000000e+02 2.722319487314733832e-01
9.490000000000000000e+02 2.423254334757847239e-01
9.500000000000000000e+02 1.620780878434734396e-01
9.510000000000000000e+02 5.579337085677262831e-01
9.520000000000000000e+02 8.590212222430233524e-01
9.530000000000000000e+02 9.827524829098430725e-01
9.540000000000000000e+02 6.968267310141271764e-01
9.550000000000000000e+02 7.609505558562501548e-02
9.560000000000000000e+02 5.402066836806830308e-01
9.570000000000000000e+02 5.041242139472901229e-01
9.580000000000000000e+02 8.257996865530768948e-01
9.590000000000000000e+02 9.591445986085965769e-01
9.600000000000000000e+02 9.398455566904517777e-01
9.610000000000000000e+02 7.556052730856044342e-02
9.620000000000000000e+02 9.382974955593419430e-01
9.630000000000000000e+02 9.150953402534289793e-02
9.640000000000000000e+02 1.512220472235131785e-01
9.650000000000000000e+02 6.004874178649270977e-01
9.660000000000000000e+02 3.356713041855928781e-01
9.670000000000000000e+02 6.139665159644962511e-01
9.680000000000000000e+02 3.385938372483331404e-01
9.690000000000000000e+02 7.340432614168883596e-01
9.700000000000000000e+02 2.653119096273571786e-01
9.710000000000000000e+02 6.767273524993148159e-01
9.720000000000000000e+02 9.989746355986438564e-01
9.730000000000000000e+02 1.707387691284443232e-01
9.740000000000000000e+02 2.278537446789564713e-01
9.750000000000000000e+02 4.589258388734176464e-01
9.760000000000000000e+02 8.022677972338925212e-01
9.770000000000000000e+02 5.710740570015603312e-01
9.780000000000000000e+02 9.869878851251406848e-01
9.790000000000000000e+02 7.826312415085548979e-01
9.800000000000000000e+02 7.831813333789644505e-01
9.810000000000000000e+02 6.727632435602469707e-01
9.820000000000000000e+02 6.947164857529105619e-01
9.830000000000000000e+02 5.727810751853978921e-02
9.840000000000000000e+02 3.436166000513406482e-01
9.850000000000000000e+02 6.299667783382412178e-02
9.860000000000000000e+02 2.340786125566540754e-03
9.870000000000000000e+02 3.737974553111359510e-01
9.880000000000000000e+02 3.193170144408796762e-01
9.890000000000000000e+02 1.158661087692230973e-01
9.900000000000000000e+02 3.404592079440220687e-01
9.910000000000000000e+02 7.519264998272605638e-01
9.920000000000000000e+02 6.107856525616653931e-01
9.930000000000000000e+02 1.897208661478011482e-02
9.940000000000000000e+02 3.288246667421631519e-01
9.950000000000000000e+02 6.963067131106138730e-01
9.960000000000000000e+02 7.404262074470709942e-01
9.970000000000000000e+02 6.053812528583201180e-01
9.980000000000000000e+02 4.146034409689764999e-01
9.990000000000000000e+02 3.299996315774611499e-02
